1 -12.392293 -44.847276 950.424988
2 -12.392368 -44.847455 950.424988
3 -12.392470 -44.847014 950.424988
4 -12.392607 -44.846272 680.424988
5 -12.392492 -44.846834 650.424988
6 -12.392547 -44.846566 950.424988
7 -12.392565 -44.847590 950.424988
8 -12.377069 -44.850481 950.424988
9 -12.379023 -44.849097 950.424988
10 -12.369941 -44.847819 950.424988
11 -12.370866 -44.838707 950.424988
12 -12.376605 -44.831329 950.424988
13 -12.384614 -44.825808 950.424988
14 -12.395682 -44.824234 950.424988
15 -12.404676 -44.827305 950.424988
16 -12.411715 -44.834803 950.424988
17 -12.415213 -44.846922 950.424988
18 -12.413618 -44.855821 950.424988
19 -12.411361 -44.862225 950.424988
20 -12.407674 -44.866803 950.424988
21 -12.405410 -44.868132 950.424988
22 -12.402755 -44.869263 950.424988
23 -12.400035 -44.870328 950.424988
24 -12.397121 -44.871262 950.424988
25 -12.371976 -44.847667 950.424988
26 -12.373191 -44.838852 950.424988
27 -12.377915 -44.832516 950.424988
28 -12.383018 -44.827297 950.424988
29 -12.394085 -44.825425 950.424988
30 -12.403435 -44.828859 950.424988
31 -12.410263 -44.835847 950.424988
32 -12.413178 -44.846925 950.424988
33 -12.411293 -44.855528 950.424988
34 -12.408982 -44.860009 950.424988
35 -12.405488 -44.862665 950.424988
36 -12.403287 -44.863862 950.424988
37 -12.400632 -44.864927 950.424988
38 -12.397589 -44.866058 950.424988
39 -12.394675 -44.867588 950.424988
40 -12.377512 -44.860438 950.424988
41 -12.379072 -44.860329 950.424988
42 -12.380418 -44.860462 950.424988
43 -12.381873 -44.860383 950.424988
44 -12.383513 -44.860371 950.424988
45 -12.391960 -44.851102 950.419983
46 -12.391314 -44.853506 950.419983
47 -12.385053 -44.876927 950.419983
48 -12.383311 -44.883426 950.419983
49 -12.382594 -44.886192 950.419983
50 -12.382052 -44.889231 950.419983
51 -12.382103 -44.890058 950.419983
52 -12.383413 -44.898923 950.419983
53 -12.383392 -44.903599 950.419983
54 -12.383166 -44.909128 950.419983
55 -12.382792 -44.910825 950.419983
56 -12.382220 -44.913055 950.419983
57 -12.381907 -44.914599 950.419983
58 -12.382595 -44.916542 950.419983
59 -12.380583 -44.916996 950.419983
60 -12.379942 -44.915074 950.419983
61 -12.380002 -44.913974 950.419983
62 -12.381039 -44.910671 950.419983
63 -12.381373 -44.908978 950.419983
64 -12.381753 -44.899231 950.419983
65 -12.380319 -44.890235 950.419983
66 -12.380233 -44.889139 950.419983
67 -12.380787 -44.885912 950.419983
68 -12.381210 -44.882961 950.419983
69 -12.383143 -44.876196 950.419983
70 -12.390835 -44.846990 950.419983
71 -12.393942 -44.840242 950.419983
72 -12.405556 -44.828402 950.419983
73 -12.414303 -44.790556 950.419983
74 -12.415131 -44.789562 950.419983
75 -12.416248 -44.788886 950.419983
76 -12.417927 -44.788196 950.419983
77 -12.421543 -44.785751 950.419983
78 -12.451831 -44.764792 950.419983
79 -12.454105 -44.762897 950.419983
80 -12.455514 -44.764564 950.419983
81 -12.453065 -44.766312 950.419983
82 -12.419196 -44.789839 950.419983
83 -12.418504 -44.790201 950.419983
84 -12.417805 -44.790463 950.419983
85 -12.417222 -44.790702 950.419983
86 -12.416805 -44.790941 950.419983
87 -12.416324 -44.791358 950.419983
88 -12.416217 -44.791546 950.419983
89 -12.416108 -44.792362 950.419983
90 -12.412532 -44.808779 950.419983
91 -12.407625 -44.828989 950.419983
92 -12.407486 -44.829419 950.419983
93 -12.407225 -44.829805 950.419983
94 -12.396033 -44.841253 950.419983
95 -12.395692 -44.841516 950.419983
96 -12.395506 -44.841946 950.419983
97 -12.394221 -44.844815 950.419983
98 -12.392836 -44.847625 950.419983
99 -12.392025 -44.850716 950.419983
100 -12.391497 -44.852816 950.419983
101 -12.390673 -44.855852 950.419983
102 -12.390487 -44.856651 950.419983
103 -12.389377 -44.856447 950.419983
104 -12.390036 -44.853571 950.419983
105 -12.391256 -44.849910 950.419983
106 -12.391490 -44.849025 950.419983
107 -12.391621 -44.848319 950.419983
108 -12.391723 -44.848110 950.419983
109 -12.389338 -44.846041 950.419983
110 -12.388811 -44.846222 950.419983
111 -12.388065 -44.846191 950.419983
112 -12.387623 -44.846399 950.419983
113 -12.386819 -44.846478 950.419983
114 -12.385912 -44.846744 950.419983
115 -12.384226 -44.842782 950.424988
116 -12.384226 -44.842782 950.424988
117 -12.384226 -44.842782 950.424988
118 -12.384226 -44.842782 950.424988
119 -12.384226 -44.842782 950.424988
120 -12.384226 -44.842782 950.424988
121 -12.384226 -44.842782 950.424988
122 -12.384226 -44.842782 950.424988
123 -12.384226 -44.842782 950.424988
124 -12.384226 -44.842782 950.424988
125 -12.384226 -44.841862 950.424988
126 -12.384226 -44.841862 950.424988
127 -12.384226 -44.841862 950.424988
128 -12.384226 -44.841862 950.424988
129 -12.384226 -44.841862 950.424988
130 -12.384226 -44.841862 950.424988
131 -12.384226 -44.841862 950.424988
132 -12.384226 -44.841862 950.424988
133 -12.384226 -44.841862 950.424988
134 -12.384226 -44.841862 950.424988
135 -12.384225 -44.840942 950.424988
136 -12.384225 -44.840942 950.424988
137 -12.384225 -44.840942 950.424988
138 -12.384225 -44.840942 950.424988
139 -12.384225 -44.840942 950.424988
140 -12.384225 -44.840942 950.424988
141 -12.384225 -44.840942 950.424988
142 -12.384225 -44.840942 950.424988
143 -12.384225 -44.840942 950.424988
144 -12.384225 -44.840942 950.424988
145 -12.384225 -44.840022 950.424988
