1 -12.243602 -45.023244 790.526001
2 -12.242649 -45.023913 790.520020
3 -12.243779 -45.022982 790.526001
4 -12.243916 -45.022241 520.526001
5 -12.243801 -45.022802 490.526001
6 -12.243856 -45.022535 790.526001
7 -12.243873 -45.023558 790.526001
8 -12.228375 -45.026437 790.526001
9 -12.230331 -45.025055 790.526001
10 -12.221249 -45.023771 790.526001
11 -12.222180 -45.014666 790.526001
12 -12.227924 -45.007295 790.526001
13 -12.235936 -45.001783 790.526001
14 -12.247005 -45.000217 790.526001
15 -12.255998 -45.003293 790.526001
16 -12.263032 -45.010791 790.526001
17 -12.266522 -45.022906 790.526001
18 -12.264922 -45.031798 790.526001
19 -12.262660 -45.038198 790.526001
20 -12.258971 -45.042770 790.526001
21 -12.256705 -45.044097 790.526001
22 -12.254050 -45.045226 790.526001
23 -12.251329 -45.046288 790.526001
24 -12.248414 -45.047219 790.526001
25 -12.223284 -45.023621 790.526001
26 -12.224505 -45.014812 790.526001
27 -12.229233 -45.008482 790.526001
28 -12.234339 -45.003269 790.526001
29 -12.245408 -45.001406 790.526001
30 -12.254755 -45.004845 790.526001
31 -12.261579 -45.011833 790.526001
32 -12.264487 -45.022907 790.526001
33 -12.262596 -45.031504 790.526001
34 -12.260283 -45.035980 790.526001
35 -12.256787 -45.038633 790.526001
36 -12.254585 -45.039828 790.526001
37 -12.251930 -45.040890 790.526001
38 -12.248885 -45.042019 790.526001
39 -12.245971 -45.043546 790.526001
40 -12.228813 -45.036389 790.526001
41 -12.230372 -45.036281 790.526001
42 -12.231718 -45.036415 790.526001
43 -12.233174 -45.036336 790.526001
44 -12.234813 -45.036326 790.526001
45 -12.241753 -45.022505 790.520020
46 -12.225366 -45.022222 790.520020
47 -12.226276 -45.022113 790.520020
48 -12.227438 -45.021812 790.520020
49 -12.228556 -45.021658 790.520020
50 -12.229085 -45.021573 790.520020
51 -12.229507 -45.021508 790.520020
52 -12.230942 -45.021618 790.520020
53 -12.234413 -45.021918 790.520020
54 -12.240216 -45.022372 790.520020
55 -12.225579 -45.020094 790.520020
56 -12.225136 -45.020094 790.520020
57 -12.224586 -45.020094 790.520020
58 -12.223719 -45.019900 790.520020
59 -12.222791 -45.019575 790.520020
60 -12.221356 -45.019056 790.520020
61 -12.221060 -45.021194 790.520020
62 -12.222960 -45.021863 790.520020
63 -12.223572 -45.022058 790.520020
64 -12.224460 -45.022232 790.520020
65 -12.246776 -45.020774 790.520020
66 -12.246060 -45.020726 790.520020
67 -12.243949 -45.020556 790.520020
68 -12.236495 -45.019951 790.520020
69 -12.232104 -45.019582 790.520020
70 -12.230457 -45.019476 790.520020
71 -12.229168 -45.019367 790.520020
72 -12.227774 -45.019606 790.520020
73 -12.226783 -45.019756 790.520020
74 -12.226213 -45.019907 790.520020
75 -12.273910 -45.023704 790.520020
76 -12.273626 -45.023745 790.520020
77 -12.271394 -45.023851 790.520020
78 -12.269410 -45.023889 790.520020
79 -12.268929 -45.023889 790.520020
80 -12.267967 -45.023738 790.520020
81 -12.267193 -45.023592 790.520020
82 -12.254844 -45.021908 790.520020
83 -12.251263 -45.021454 790.520020
84 -12.248065 -45.020965 790.520020
85 -12.288431 -45.016891 790.520020
86 -12.287780 -45.017383 790.520020
87 -12.287066 -45.018199 790.520020
88 -12.286290 -45.018940 790.520020
89 -12.286014 -45.019012 790.520020
90 -12.282182 -45.019838 790.520020
91 -12.281757 -45.019989 790.520020
92 -12.275052 -45.023247 790.520020
93 -12.274619 -45.023393 790.520020
94 -12.274297 -45.023561 790.520020
95 -12.295174 -45.013022 790.520020
96 -12.294675 -45.013401 790.520020
97 -12.294191 -45.013804 790.520020
98 -12.293847 -45.014115 790.520020
99 -12.292429 -45.015846 790.520020
100 -12.292219 -45.016088 790.520020
101 -12.291907 -45.016160 790.520020
102 -12.290878 -45.016252 790.520020
103 -12.289673 -45.016290 790.520020
104 -12.289215 -45.016403 790.520020
105 -12.308709 -45.013466 790.520020
106 -12.306630 -45.012987 790.520020
107 -12.304415 -45.012503 790.520020
108 -12.302070 -45.012243 790.520020
109 -12.300350 -45.011987 790.520020
110 -12.299169 -45.012052 790.520020
111 -12.298615 -45.012178 790.520020
112 -12.296218 -45.012735 790.520020
113 -12.295954 -45.012766 790.520020
114 -12.295738 -45.012865 790.520020
115 -12.299475 -45.014180 790.520020
116 -12.300614 -45.014180 790.520020
117 -12.301754 -45.014374 790.520020
118 -12.302704 -45.014466 790.520020
119 -12.303701 -45.014613 790.520020
120 -12.304794 -45.014712 790.520020
121 -12.306028 -45.014856 790.520020
122 -12.306661 -45.014985 790.520020
123 -12.308847 -45.015764 790.520020
124 -12.309212 -45.013585 790.520020
125 -12.290305 -45.018390 790.520020
126 -12.291187 -45.018346 790.520020
127 -12.293176 -45.018127 790.520020
128 -12.293429 -45.017830 790.520020
129 -12.295573 -45.015388 790.520020
130 -12.295904 -45.015078 790.520020
131 -12.296175 -45.014910 790.520020
132 -12.296673 -45.014739 790.520020
133 -12.297528 -45.014620 790.520020
134 -12.298620 -45.014377 790.520020
135 -12.282645 -45.021980 790.520020
136 -12.283530 -45.021638 790.520020
137 -12.284519 -45.021437 790.520020
138 -12.286527 -45.021061 790.520020
139 -12.287167 -45.020907 790.520020
140 -12.288501 -45.019715 790.520020
141 -12.289175 -45.018947 790.520020
142 -12.289646 -45.018605 790.520020
143 -12.289836 -45.018496 790.520020
144 -12.290017 -45.018431 790.520020
145 -12.276279 -45.024985 790.520020
